0	0.752458
1	0.690259
2	0.728865
3	0.803567
4	0.733021
5	0.690705
6	0.758414
7	0.783419
8	0.814788
9	0.798482
10	0.769717
11	0.866741
12	0.991037
13	0.962697
14	0.969845
15	0.938823
16	0.908839
17	0.929401
18	0.919395
19	0.960776
20	1.062688
21	1.021717
22	0.979437
23	1.094553
24	1.070642
25	1.037363
26	1.108644
27	1.123361
28	1.167782
29	1.135187
30	1.125771
31	1.138402
32	1.098641
33	1.162430
34	1.191295
35	1.166575
36	1.171655
37	1.241832
38	1.290427
39	1.321363
40	1.307111
41	1.313427
42	1.359059
43	1.335361
44	1.388923
45	1.421663
46	1.463258
47	1.516603
48	1.622677
49	1.610259
50	1.647980
51	1.681955
52	1.654717
53	1.629300
54	1.573283
55	1.615830
56	1.669166
57	1.699723
58	1.739752
59	1.739853
60	1.822808
61	1.806476
62	1.864567
63	1.893791
64	1.960703
65	1.971714
66	2.038285
67	2.071152
68	2.091036
69	2.117105
70	2.218679
71	2.270917
72	2.355533
73	2.353307
74	2.389646
75	2.395791
76	2.442549
77	2.449405
78	2.488116
79	2.516837
80	2.475527
81	2.471299
82	2.555558
83	2.623108
84	2.615600
85	2.664814
86	2.678814
87	2.713655
88	2.750081
89	2.787077
90	2.836048
91	2.823376
92	2.889284
93	2.877436
94	2.887562
95	2.920813
96	2.970999
97	2.984242
98	3.080643
99	3.098511
100	3.227957
101	3.251542
102	3.199008
103	3.212720
104	3.285260
105	3.321575
106	3.348736
107	3.412481
108	3.466176
109	3.493633
110	3.506944
111	3.539657
112	3.552590
113	3.591403
114	3.609389
115	3.701019
116	3.698272
117	3.701467
118	3.707670
119	3.706110
120	3.779562
121	3.784031
122	3.869113
123	3.865835
124	3.880265
125	3.899224
126	3.955201
127	4.056065
128	4.152160
129	4.136223
130	4.121563
131	4.266307
132	4.432455
133	4.538699
134	4.836695
135	4.879745
136	5.079550
137	5.201362
138	5.460977
139	5.734300
140	6.089268
141	6.301328
142	6.635378
143	6.837874
144	7.149157
145	7.303063
146	7.661935
147	8.048253
148	8.326093
149	8.569357
150	8.990891
151	9.358547
152	9.953613
153	10.177917
154	10.475738
155	10.709092
156	11.150340
157	11.576512
158	12.097919
159	12.562066
160	13.108315
161	13.447558
162	14.000123
163	14.482657
164	15.030242
165	15.436582
166	15.812454
167	16.148668
168	16.614418
169	17.051062
170	17.352321
171	17.600983
172	17.948221
173	17.949329
174	18.164051
175	18.661309
176	19.275443
177	19.623814
178	19.972441
179	20.241687
180	20.722343
181	21.039373
182	21.252516
183	21.508272
184	22.016718
185	22.439059
186	22.637130
187	22.688575
188	23.097712
189	23.360360
190	23.599373
191	23.871998
192	23.846982
193	23.872478
194	24.272022
195	24.640243
196	25.083357
197	25.393788
198	25.526387
199	25.524133
200	25.488142
201	25.599838
202	25.943954
203	26.173661
204	26.301924
205	26.407304
206	26.543003
207	26.727027
208	26.979780
209	26.928474
210	26.650344
211	26.539650
212	26.872665
213	27.291144
214	27.350153
215	27.268862
216	27.151946
217	27.329070
218	27.376332
219	27.410910
220	27.748316
221	27.852601
222	27.934472
223	28.032911
224	28.055738
225	27.895184
226	27.779280
227	27.993078
228	28.308421
229	28.432112
230	28.435982
231	28.365000
232	28.264201
233	28.148948
234	28.131020
235	28.152859
236	28.315500
237	28.592259
238	28.809037
239	28.812839
240	28.563883
241	28.421125
242	28.625486
243	28.961622
244	29.125261
245	29.214749
246	29.156813
247	29.096150
248	29.037003
249	29.033419
250	28.905979
251	28.854189
252	28.828055
253	28.940786
254	28.941568
255	29.129745
256	29.299892
257	29.296928
258	29.245465
259	29.267278
260	29.129246
261	29.067775
262	29.118946
263	28.983440
264	28.808149
265	28.646818
266	28.410994
267	28.587789
268	28.790685
269	28.806107
270	28.873434
271	28.977719
272	28.958549
273	28.756743
274	28.608991
275	28.798753
276	28.810467
277	28.769523
278	28.811472
279	28.717410
280	28.621998
281	28.455243
282	28.281570
283	28.490078
284	28.559570
285	28.641052
286	28.807712
287	28.810720
288	28.261531
289	28.128880
290	28.006398
291	27.942840
292	27.917334
293	27.873887
294	27.928465
295	27.872773
296	27.525310
297	27.484046
298	27.488076
299	27.453410
300	27.555424
301	27.630012
302	27.486137
303	27.644070
304	27.610592
305	27.404462
306	27.510285
307	27.739923
308	27.732700
309	27.646470
310	27.680185
311	27.590888
312	27.522589
313	27.617967
314	27.762503
315	27.883384
316	27.986996
317	28.051284
318	28.093632
319	28.148854
320	28.358914
321	28.557617
322	28.982765
323	29.433402
324	29.846404
325	30.129282
326	30.530682
327	31.093919
328	31.453747
329	31.865321
330	32.373742
331	32.806327
332	33.601425
333	34.268875
334	34.892360
335	35.362613
336	36.268948
337	37.291508
338	38.083109
339	39.072564
340	40.238174
341	40.929670
342	41.616305
343	42.849297
344	43.999585
345	45.120487
346	46.343950
347	47.798517
348	49.021117
349	50.303154
350	51.898281
351	53.097076
352	54.220890
353	55.407412
354	56.906393
355	58.194375
356	59.780644
357	61.775600
358	63.221527
359	64.325750
360	65.882263
361	67.446078
362	68.852034
363	69.944463
364	71.399058
365	73.504500
366	75.301247
367	76.230295
368	77.266795
369	78.501767
370	79.962908
371	81.526363
372	83.246138
373	84.563478
374	85.397724
375	86.092608
376	87.168287
377	88.631637
378	89.826660
379	90.913813
380	91.961577
381	93.319770
382	94.604305
383	95.496929
384	95.918363
385	96.523548
386	97.384818
387	98.195747
388	99.133389
389	99.841075
390	100.371873
391	100.984057
392	101.584603
393	101.785791
394	101.985732
395	102.469373
396	102.915666
397	103.338555
398	104.148157
399	104.448585
400	104.191923
401	104.065103
402	104.406468
403	105.020078
404	105.176027
405	105.128916
406	105.250457
407	105.152679
408	104.837340
409	104.609656
410	104.482076
411	104.236049
412	104.501775
413	104.536110
414	103.992750
415	103.509899
416	102.841709
417	102.801232
418	102.597254
419	102.151022
420	101.848660
421	101.584510
422	100.693800
423	100.077841
424	99.564277
425	99.120913
426	99.033466
427	99.014950
428	98.241183
429	97.821145
430	97.131374
431	95.758637
432	94.579322
433	93.767574
434	92.976847
435	92.463426
436	91.894650
437	91.253862
438	90.629772
439	89.803670
440	88.661546
441	88.116453
442	87.450866
443	86.875438
444	86.091286
445	85.317018
446	84.893983
447	84.623420
448	84.453102
449	84.276077
450	83.779055
451	83.225995
452	83.098944
453	82.841297
454	82.565717
455	82.443849
456	82.290277
457	82.169498
458	82.014270
459	81.727555
460	81.499051
461	81.398095
462	81.083527
463	80.813583
464	80.462777
465	80.119972
466	79.855337
467	79.642833
468	79.348907
469	79.061703
470	78.567865
471	78.292648
472	77.902792
473	77.669422
474	77.240711
475	77.013396
476	76.426425
477	76.101891
478	75.479095
479	75.122782
480	74.510662
481	74.182812
482	73.495040
483	73.020410
484	72.279102
485	71.734093
486	70.968776
487	70.416509
488	69.588643
489	68.924911
490	68.117931
491	67.598273
492	66.813110
493	66.184676
494	65.278940
495	64.478177
496	63.549036
497	62.747801
498	61.665662
499	60.614298
500	59.436103
501	58.295311
502	57.002834
503	55.611365
504	54.052065
505	52.489769
506	50.665859
507	49.222857
508	47.635663
509	46.093446
510	44.367620
511	42.897865
512	41.236618
513	39.710402
514	38.037212
515	36.238415
516	34.514872
517	32.955368
518	31.550631
519	29.952420
520	28.357571
521	27.039019
522	25.626685
523	24.277643
524	22.944651
525	21.731033
526	20.411393
527	19.159803
528	18.019726
529	16.813412
530	15.743041
531	14.762567
532	13.938084
533	13.076842
534	12.323490
535	11.473754
536	10.715615
537	10.063284
538	9.367938
539	8.652332
540	8.009995
541	7.632398
542	7.131958
543	6.763287
544	6.290185
545	6.006813
546	5.568628
547	5.326172
548	5.167603
549	4.925319
550	4.465807
551	4.370801
552	4.110907
553	3.987078
554	3.766630
555	3.772441
556	3.489477
557	3.338093
558	3.181429
559	3.153890
